JPASSOCIAT:0.271708582771
GMRINFRA:0.181184991808
ASHOKLEY:0.519189792118
SUZLON:0.243309131745
IBREALEST:0.197985129562
RELCAPITAL:0.238793641319
ADANIENT:0.54045195353
DLF:0.270271963412
IDFC:0.206274460275
SOUTHBANK:0.218383239915
VEDL:0.502819893979
SAIL:0.509667557306
IDFCBANK:0.241630604988
FEDERALBNK:0.514675049492
BANKBARODA:0.271072476183
MANAPPURAM:0.20836914617
HINDALCO:0.46122486427
TATASTEEL:0.482210134222
SBIN:0.50221646948
JINDALSTEL:0.29174794916
RCOM:0.309373137624
HDIL:0.282476316551
L_TFH:0.149649814934
TATAMOTORS:0.530300049726
NMDC:0.165272777632
ADANIPOWER:0.308166265891
HCC:0.467810865285
INDIACEM:0.512703028184
ICICIBANK:0.196905697847
SUNTV:0.323454002927
RELINFRA:0.486701322499
PNB:0.258175448761
JSWSTEEL:0.403239249521
APOLLOTYRE:0.461646849703
MOTHERSUMI:0.370171496819
TATAGLOBAL:0.533634407078
RECLTD:0.213695549736
ONGC:0.453487657213
RPOWER:0.136214977786
IDEA:0.325078829094
JSWENERGY:0.16160960944
IFCI:0.438221036458
DHFL:0.217964039879
TV18BRDCST:0.271609362163
CANBK:0.246127430487
BANKINDIA:0.326797935465
ORIENTBANK:0.483721322346
PFC:0.266376554379
EXIDEIND:0.459234027232
NCC:0.393280815125
KTKBANK:0.253827544543
BHARATFIN:0.204146127915
M_MFIN:0.258832697259
GRASIM:0.158768906694
NATIONALUM:0.28808974664
AXISBANK:0.184660397565
UNIONBANK:0.319707379307
AUROPHARMA:0.497570309704
INFIBEAM:0.409327790952
BEL:0.49903792621
ESCORTS:0.544854403717
FORTIS:0.25128583145
ALBK:0.290792574385
HINDPETRO:0.474291391588
MRPL:0.464467713644
IDBI:0.514716079642
TATAPOWER:0.459768184408
PTC:0.234631269055
NHPC:0.121369114682
NTPC:0.139865820927
SUNPHARMA:0.536794980895
IOC:0.239559368226
BPCL:0.496247999585
INFY:0.173359568122
RELIANCE:0.207918484414
DISHTV:0.293279498596
JUSTDIAL:0.303807470236
ITC:0.233951653989
BHEL:0.510262954874
SYNDIBANK:0.305022665362
TATAMTRDVR:0.196256800749
HINDZINC:0.514257276973
CESC:0.486512684045
GAIL:0.353642962366
JISLJALEQS:0.258976995068
COALINDIA:0.127592838317
PCJEWELLER:0.382209653854
ANDHRABANK:0.291369298488
CGPOWER:0.497990551507
POWERGRID:0.075150350498
GSFC:0.487413566856
AMBUJACEM:0.162740778503
ADANIPORTS:0.176341501423
SREINFRA:0.492373869482
EQUITAS:0.181607884625
IRB:0.172848904803
DCBBANK:0.216030046104
YESBANK:0.196944368511
LICHSGFIN:0.50290215879
VOLTAS:0.51459771954
TVSMOTOR:0.133149069712
RDEL:0.19030965134
KOTAKBANK:0.435908206213
SRTRANSFIN:0.204937678116
UJJIVAN:0.280542750778
WIPRO:0.520578200955
PETRONET:0.460239914326
BALRAMCHIN:0.447982341765
BHARTIARTL:0.147535251477
HDFCBANK:0.445959327925